0.0009765625000000 0.0000000000001531
0.0029296875000000 0.0000000000001860
0.0048828125000000 0.0000000000000209
0.0068359375000000 0.0000000000000023
0.0087890625000000 0.0000000000000003
0.0107421875000000 0.0000000000000000
0.0126953125000000 0.0000000000000000
0.0146484375000000 0.0000000000000000
0.0166015625000000 0.0000000000000000
0.0185546875000000 0.0000000000000000
0.0205078125000000 0.0000000000000000
0.0224609375000000 0.0000000000000000
0.0244140625000000 0.0000000000000000
0.0263671875000000 0.0000000000000000
0.0283203125000000 -0.0000000000000000
0.0302734375000000 -0.0000000000000000
0.0322265625000000 0.0000000000000000
0.0341796875000000 0.0000000000000000
0.0361328125000000 -0.0000000000000000
0.0380859375000000 -0.0000000000000000
0.0400390625000000 0.0000000000000000
0.0419921875000000 0.0000000000000000
0.0439453125000000 0.0000000000000000
0.0458984375000000 -0.0000000000000000
0.0478515625000000 -0.0000000000000000
0.0498046875000000 0.0000000000000000
0.0517578125000000 0.0000000000000000
0.0537109375000000 -0.0000000000000000
0.0556640625000000 -0.0000000000000000
0.0576171875000000 -0.0000000000000000
0.0595703125000000 0.0000000000000000
0.0615234375000000 0.0000000000000000
0.0634765625000000 -0.0000000000000000
0.0654296875000000 -0.0000000000000000
0.0673828125000000 -0.0000000000000000
0.0693359375000000 0.0000000000000000
0.0712890625000000 0.0000000000000000
0.0732421875000000 0.0000000000000000
0.0751953125000000 -0.0000000000000000
0.0771484375000000 -0.0000000000000000
0.0791015625000000 -0.0000000000000000
0.0810546875000000 0.0000000000000000
0.0830078125000000 0.0000000000000001
0.0849609375000000 0.0000000000000000
0.0869140625000000 -0.0000000000000001
0.0888671875000000 -0.0000000000000003
0.0908203125000000 -0.0000000000000001
0.0927734375000000 0.0000000000000003
0.0947265625000000 0.0000000000000008
0.0966796875000000 0.0000000000000007
0.0986328125000000 -0.0000000000000004
0.1005859375000000 -0.0000000000000020
0.1025390625000000 -0.0000000000000029
0.1044921875000000 -0.0000000000000016
0.1064453125000000 0.0000000000000023
0.1083984375000000 0.0000000000000072
0.1103515625000000 0.0000000000000098
0.1123046875000000 0.0000000000000066
0.1142578125000000 -0.0000000000000034
0.1162109375000000 -0.0000000000000180
0.1181640625000000 -0.0000000000000313
0.1201171875000000 -0.0000000000000366
0.1220703125000000 -0.0000000000000281
0.1240234375000000 -0.0000000000000032
0.1259765625000000 0.0000000000000370
0.1279296875000000 0.0000000000000894
0.1298828125000000 0.0000000000001497
0.1318359375000000 0.0000000000002152
0.1337890625000000 0.0000000000002852
0.1357421875000000 0.0000000000003610
0.1376953125000000 0.0000000000004457
0.1396484375000000 0.0000000000005433
0.1416015625000000 0.0000000000006581
0.1435546875000000 0.0000000000007951
0.1455078125000000 0.0000000000009599
0.1474609375000000 0.0000000000011582
0.1494140625000000 0.0000000000013961
0.1513671875000000 0.0000000000016804
0.1533203125000000 0.0000000000020205
0.1552734375000000 0.0000000000024296
0.1572265625000000 0.0000000000029233
0.1591796875000000 0.0000000000035154
0.1611328125000000 0.0000000000042167
0.1630859375000000 0.0000000000050422
0.1650390625000000 0.0000000000060229
0.1669921875000000 0.0000000000072109
0.1689453125000000 0.0000000000086629
0.1708984375000000 0.0000000000104105
0.1728515625000000 0.0000000000124469
0.1748046875000000 0.0000000000147638
0.1767578125000000 0.0000000000174280
0.1787109375000000 0.0000000000206362
0.1806640625000000 0.0000000000246802
0.1826171875000000 0.0000000000298020
0.1845703125000000 0.0000000000360170
0.1865234375000000 0.0000000000430661
0.1884765625000000 0.0000000000506071
0.1904296875000000 0.0000000000585346
0.1923828125000000 0.0000000000673503
0.1943359375000000 0.0000000000783651
0.1962890625000000 0.0000000000933164
0.1982421875000000 0.0000000001137897
0.2001953125000000 0.0000000001408020
0.2021484375000000 0.0000000001740522
0.2041015625000000 0.0000000002116532
0.2060546875000000 0.0000000002513178
0.2080078125000000 0.0000000002908766
0.2099609375000000 0.0000000003267989
0.2119140625000000 0.0000000003548440
0.2138671875000000 0.0000000004082086
0.2158203125000000 0.0000000005005807
0.2177734375000000 0.0000000006020242
0.2197265625000000 0.0000000007097915
0.2216796875000000 0.0000000008298439
0.2236328125000000 0.0000000009692500
0.2255859375000000 0.0000000011327412
0.2275390625000000 0.0000000013237844
0.2294921875000000 0.0000000015460559
0.2314453125000000 0.0000000018041314
0.2333984375000000 0.0000000021035583
0.2353515625000000 0.0000000024507798
0.2373046875000000 0.0000000028531518
0.2392578125000000 0.0000000033190665
0.2412109375000000 0.0000000038581225
0.2431640625000000 0.0000000044813056
0.2451171875000000 0.0000000052011771
0.2470703125000000 0.0000000060320835
0.2490234375000000 0.0000000069903950
0.2509765625000000 0.0000000080947743
0.2529296875000000 0.0000000093664803
0.2548828125000000 0.0000000108297080
0.2568359375000000 0.0000000125119708
0.2587890625000000 0.0000000144445278
0.2607421875000000 0.0000000166628630
0.2626953125000000 0.0000000192072216
0.2646484375000000 0.0000000221232089
0.2666015625000000 0.0000000254624591
0.2685546875000000 0.0000000292833809
0.2705078125000000 0.0000000336519891
0.2724609375000000 0.0000000386428290
0.2744140625000000 0.0000000443400048
0.2763671875000000 0.0000000508383220
0.2783203125000000 0.0000000582445548
0.2802734375000000 0.0000000666788501
0.2822265625000000 0.0000000762762834
0.2841796875000000 0.0000000871885782
0.2861328125000000 0.0000000995860066
0.2880859375000000 0.0000001136594865
0.2900390625000000 0.0000001296228934
0.2919921875000000 0.0000001477156070
0.2939453125000000 0.0000001682053116
0.2958984375000000 0.0000001913910734
0.2978515625000000 0.0000002176067190
0.2998046875000000 0.0000002472245379
0.3017578125000000 0.0000002806593384
0.3037109375000000 0.0000003183728834
0.3056640625000000 0.0000003608787375
0.3076171875000000 0.0000004087475564
0.3095703125000000 0.0000004626128526
0.3115234375000000 0.0000005231772733
0.3134765625000000 0.0000005912194272
0.3154296875000000 0.0000006676012993
0.3173828125000000 0.0000007532762953
0.3193359375000000 0.0000008492979571
0.3212890625000000 0.0000009568293946
0.3232421875000000 0.0000010771534802
0.3251953125000000 0.0000012116838521
0.3271484375000000 0.0000013619767766
0.3291015625000000 0.0000015297439197
0.3310546875000000 0.0000017168660789
0.3330078125000000 0.0000019254079281
0.3349609375000000 0.0000021576338287
0.3369140625000000 0.0000024160247607
0.3388671875000000 0.0000027032964275
0.3408203125000000 0.0000030224185882
0.3427734375000000 0.0000033766356715
0.3447265625000000 0.0000037694887223
0.3466796875000000 0.0000042048387337
0.3486328125000000 0.0000046868914119
0.3505859375000000 0.0000052202234235
0.3525390625000000 0.0000058098101668
0.3544921875000000 0.0000064610551092
0.3564453125000000 0.0000071798207267
0.3583984375000000 0.0000079724610774
0.3603515625000000 0.0000088458560337
0.3623046875000000 0.0000098074471945
0.3642578125000000 0.0000108652754874
0.3662109375000000 0.0000120280204666
0.3681640625000000 0.0000133050413003
0.3701171875000000 0.0000147064194327
0.3720703125000000 0.0000162430028944
0.3740234375000000 0.0000179264522228
0.3759765625000000 0.0000197692879412
0.3779296875000000 0.0000217849395309
0.3798828125000000 0.0000239877958156
0.3818359375000000 0.0000263932566613
0.3837890625000000 0.0000290177858777
0.3857421875000000 0.0000318789651873
0.3876953125000000 0.0000349955491121
0.3896484375000000 0.0000383875206038
0.3916015625000000 0.0000420761472261
0.3935546875000000 0.0000460840376714
0.3955078125000000 0.0000504351983755
0.3974609375000000 0.0000551550899674
0.3994140625000000 0.0000602706832683
0.4013671875000000 0.0000658105145297
0.4033203125000000 0.0000718047395748
0.4052734375000000 0.0000782851864819
0.4072265625000000 0.0000852854064262
0.4091796875000000 0.0000928407222657
0.4111328125000000 0.0001009882744401
0.4130859375000000 0.0001097670637185
0.4150390625000000 0.0001192179903173
0.4169921875000000 0.0001293838888799
0.4189453125000000 0.0001403095587933
0.4208984375000000 0.0001520417892960
0.4228515625000000 0.0001646293788124
0.4248046875000000 0.0001781231479347
0.4267578125000000 0.0001925759454606
0.4287109375000000 0.0002080426468815
0.4306640625000000 0.0002245801447112
0.4326171875000000 0.0002422473300392
0.4345703125000000 0.0002611050646908
0.4365234375000000 0.0002812161433815
0.4384765625000000 0.0003026452452571
0.4404296875000000 0.0003254588742255
0.4423828125000000 0.0003497252874987
0.4443359375000000 0.0003755144117871
0.4462890625000000 0.0004028977466138
0.4482421875000000 0.0004319482542463
0.4501953125000000 0.0004627402357811
0.4521484375000000 0.0004953491929603
0.4541015625000000 0.0005298516753447
0.4560546875000000 0.0005663251125242
0.4580078125000000 0.0006048476311067
0.4599609375000000 0.0006454978562900
0.4619140625000000 0.0006883546978949
0.4638671875000000 0.0007334971208149
0.4658203125000000 0.0007810038999204
0.4677734375000000 0.0008309533595428
0.4697265625000000 0.0008834230977584
0.4716796875000000 0.0009384896957898
0.4736328125000000 0.0009962284129440
0.4755859375000000 0.0010567128676128
0.4775390625000000 0.0011200147049731
0.4794921875000000 0.0011862032521325
0.4814453125000000 0.0012553451615850
0.4833984375000000 0.0013275040439560
0.4853515625000000 0.0014027400911308
0.4873046875000000 0.0014811096909823
0.4892578125000000 0.0015626650350259
0.4912109375000000 0.0016474537204462
0.4931640625000000 0.0017355183480522
0.4951171875000000 0.0018268961178259
0.4970703125000000 0.0019216184238318
0.4990234375000000 0.0020197104503581
0.5009765625000000 0.0021211907712476
0.5029296875000000 0.0022260709544636
0.5048828125000000 0.0023343551740100
0.5068359375000000 0.0024460398314025
0.5087890625000000 0.0025611131889309
0.5107421875000000 0.0026795550169898
0.5126953125000000 0.0028013362578282
0.5146484375000000 0.0029264187080725
0.5166015625000000 0.0030547547223150
0.5185546875000000 0.0031862869401271
0.5205078125000000 0.0033209480389509
0.5224609375000000 0.0034586605150442
0.5244140625000000 0.0035993364944759
0.5263671875000000 0.0037428775767028
0.5283203125000000 0.0038891747131426
0.5302734375000000 0.0040381081217359
0.5322265625000000 0.0041895472390310
0.5341796875000000 0.0043433507137814
0.5361328125000000 0.0044993664434604
0.5380859375000000 0.0046574316502500
0.5400390625000000 0.0048173729995732
0.5419921875000000 0.0049790067719807
0.5439453125000000 0.0051421390828617
0.5458984375000000 0.0053065661313690
0.5478515625000000 0.0054720744956518
0.5498046875000000 0.0056384415118574
0.5517578125000000 0.0058054356978098
0.5537109375000000 0.0059728171477286
0.5556640625000000 0.0061403379807042
0.5576171875000000 0.0063077429884014
0.5595703125000000 0.0064747703145421
0.5615234375000000 0.0066411518652364
0.5634765625000000 0.0068066137558882
0.5654296875000000 0.0069708774155437
0.5673828125000000 0.0071336608316719
0.5693359375000000 0.0072946786355999
0.5712890625000000 0.0074536417544160
0.5732421875000000 0.0076102592690922
0.5751953125000000 0.0077642418082107
0.5771484375000000 0.0079153013479899
0.5791015625000000 0.0080631469012051
0.5810546875000000 0.0082074852508045
0.5830078125000000 0.0083480314822723
0.5849609375000000 0.0084845150310288
0.5869140625000000 0.0086166658058027
0.5888671875000000 0.0087441972734076
0.5908203125000000 0.0088668228792196
0.5927734375000000 0.0089842990547900
0.5947265625000000 0.0090964280843305
0.5966796875000000 0.0092029869667266
0.5986328125000000 0.0093036694448022
0.6005859375000000 0.0093981594796747
0.6025390625000000 0.0094862929408475
0.6044921875000000 0.0095680893366190
0.6064453125000000 0.0096435188777571
0.6083984375000000 0.0097122126333611
0.6103515625000000 0.0097735256873733
0.6123046875000000 0.0098270554479661
0.6142578125000000 0.0098731500059599
0.6162109375000000 0.0099127654111028
0.6181640625000000 0.0099465263822789
0.6201171875000000 0.0099736174092884
0.6220703125000000 0.0099912596706961
0.6240234375000000 0.0099966831245032
0.6259765625000000 0.0099967667710355
0.6279296875000000 0.0099934158369154
0.6298828125000000 0.0099813226637030
0.6318359375000000 0.0099604753290744
0.6337890625000000 0.0099317649021671
0.6357421875000000 0.0098956585996408
0.6376953125000000 0.0098523129656879
0.6396484375000000 0.0098017639257161
0.6416015625000000 0.0097440539131724
0.6435546875000000 0.0096792817260757
0.6455078125000000 0.0096075933657686
0.6474609375000000 0.0095291585000531
0.6494140625000000 0.0094441570106894
0.6513671875000000 0.0093527772394910
0.6533203125000000 0.0092552184761034
0.6552734375000000 0.0091516924133123
0.6572265625000000 0.0090424227075673
0.6591796875000000 0.0089276437510916
0.6611328125000000 0.0088075995306580
0.6630859375000000 0.0086825427257854
0.6650390625000000 0.0085527338841994
0.6669921875000000 0.0084184405575122
0.6689453125000000 0.0082799363884510
0.6708984375000000 0.0081375001792783
0.6728515625000000 0.0079914149599451
0.6748046875000000 0.0078419670599826
0.6767578125000000 0.0076894451848141
0.6787109375000000 0.0075341394993096
0.6806640625000000 0.0073763407229195
0.6826171875000000 0.0072163392406677
0.6845703125000000 0.0070544242337793
0.6865234375000000 0.0068908828334011
0.6884765625000000 0.0067259993007054
0.6904296875000000 0.0065600542364966
0.6923828125000000 0.0063933238232173
0.6943359375000000 0.0062260791020082
0.6962890625000000 0.0060585852872187
0.6982421875000000 0.0058911011205145
0.7001953125000000 0.0057238782664602
0.7021484375000000 0.0055571607511894
0.7041015625000000 0.0053911844455037
0.7060546875000000 0.0052261765934702
0.7080078125000000 0.0050623553873171
0.7099609375000000 0.0048999295891611
0.7119140625000000 0.0047390981998366
0.7138671875000000 0.0045800501748418
0.7158203125000000 0.0044229641871687
0.7177734375000000 0.0042680084365465
0.7197265625000000 0.0041153405043978
0.7216796875000000 0.0039651072535926
0.7236328125000000 0.0038174447718830
0.7255859375000000 0.0036724783577084
0.7275390625000000 0.0035303225468916
0.7294921875000000 0.0033910811785807
0.7314453125000000 0.0032548474986542
0.7333984375000000 0.0031217042986736
0.7353515625000000 0.0029917240883605
0.7373046875000000 0.0028649692994781
0.7392578125000000 0.0027414925189200
0.7412109375000000 0.0026213367487474
0.7431640625000000 0.0025045356908683
0.7451171875000000 0.0023911140540240
0.7470703125000000 0.0022810878807322
0.7490234375000000 0.0021744648918362
0.7509765625000000 0.0020712448463228
0.7529296875000000 0.0019714199140997
0.7548828125000000 0.0018749750594614
0.7568359375000000 0.0017818884330241
0.7587890625000000 0.0016921317699740
0.7607421875000000 0.0016056707925417
0.7626953125000000 0.0015224656147002
0.7646484375000000 0.0014424711471681
0.7666015625000000 0.0013656375009005
0.7685546875000000 0.0012919103873463
0.7705078125000000 0.0012212315138610
0.7724609375000000 0.0011535389727720
0.7744140625000000 0.0010887676227087
0.7763671875000000 0.0010268494609243
0.7783203125000000 0.0009677139854520
0.7802734375000000 0.0009112885460589
0.7822265625000000 0.0008574986830728
0.7841796875000000 0.0008062684532769
0.7861328125000000 0.0007575207421797
0.7880859375000000 0.0007111775620766
0.7900390625000000 0.0006671603354313
0.7919921875000000 0.0006253901632068
0.7939453125000000 0.0005857880778778
0.7958984375000000 0.0005482752809491
0.7978515625000000 0.0005127733649013
0.7998046875000000 0.0004792045195633
0.8017578125000000 0.0004474917229967
0.8037109375000000 0.0004175589170510
0.8056640625000000 0.0003893311678147
0.8076171875000000 0.0003627348112526
0.8095703125000000 0.0003376975843768
0.8115234375000000 0.0003141487423496
0.8134765625000000 0.0002920191619608
0.8154296875000000 0.0002712414319633
0.8173828125000000 0.0002517499307857
0.8193359375000000 0.0002334808921653
0.8212890625000000 0.0002163724592743
0.8232421875000000 0.0002003647279246
0.8251953125000000 0.0001853997794549
0.8271484375000000 0.0001714217039104
0.8291015625000000 0.0001583766141301
0.8310546875000000 0.0001462126513606
0.8330078125000000 0.0001348799830078
0.8349609375000000 0.0001243307931365
0.8369140625000000 0.0001145192663153
0.8388671875000000 0.0001054015653943
0.8408203125000000 0.0000969358037860
0.8427734375000000 0.0000890820128066
0.8447265625000000 0.0000818021046132
0.8466796875000000 0.0000750598312528
0.8486328125000000 0.0000688207403186
0.8505859375000000 0.0000630521276839
0.8525390625000000 0.0000577229877633
0.8544921875000000 0.0000528039617225
0.8564453125000000 0.0000482672840369
0.8583984375000000 0.0000440867277722
0.8603515625000000 0.0000402375489344
0.8623046875000000 0.0000366964302142
0.8642578125000000 0.0000334414244224
0.8662109375000000 0.0000304518978921
0.8681640625000000 0.0000277084740970
0.8701171875000000 0.0000251929777130
0.8720703125000000 0.0000228883793284
0.8740234375000000 0.0000207787409844
0.8759765625000000 0.0000188491627097
0.8779296875000000 0.0000170857301900
0.8798828125000000 0.0000154754636967
0.8818359375000000 0.0000140062683809
0.8837890625000000 0.0000126668860208
0.8857421875000000 0.0000114468482955
0.8876953125000000 0.0000103364316454
0.8896484375000000 0.0000093266137613
0.8916015625000000 0.0000084090317377
0.8935546875000000 0.0000075759419083
0.8955078125000000 0.0000068201813754
0.8974609375000000 0.0000061351312336
0.8994140625000000 0.0000055146814790
0.9013671875000000 0.0000049531975897
0.9033203125000000 0.0000044454887526
0.9052734375000000 0.0000039867777107
0.9072265625000000 0.0000035726721940
0.9091796875000000 0.0000031991378974
0.9111328125000000 0.0000028624729624
0.9130859375000000 0.0000025592839177
0.9150390625000000 0.0000022864630290
0.9169921875000000 0.0000020411670094
0.9189453125000000 0.0000018207970377
0.9208984375000000 0.0000016229800313
0.9228515625000000 0.0000014455511213
0.9248046875000000 0.0000012865372741
0.9267578125000000 0.0000011441420079
0.9287109375000000 0.0000010167311479
0.9306640625000000 0.0000009028195704
0.9326171875000000 0.0000008010588809
0.9345703125000000 0.0000007102259767
0.9365234375000000 0.0000006292124450
0.9384765625000000 0.0000005570147461
0.9404296875000000 0.0000004927251367
0.9423828125000000 0.0000004355232875
0.9443359375000000 0.0000003846685509
0.9462890625000000 0.0000003394928385
0.9482421875000000 0.0000002993940667
0.9501953125000000 0.0000002638301334
0.9521484375000000 0.0000002323133887
0.9541015625000000 0.0000002044055663
0.9560546875000000 0.0000001797131387
0.9580078125000000 0.0000001578830760
0.9599609375000000 0.0000001385989533
0.9619140625000000 0.0000001215774383
0.9638671875000000 0.0000001065649960
0.9658203125000000 0.0000000933351041
0.9677734375000000 0.0000000816852227
0.9697265625000000 0.0000000714351857
0.9716796875000000 0.0000000624231042
0.9736328125000000 0.0000000545077241
0.9755859375000000 0.0000000475565896
0.9775390625000000 0.0000000414674783
0.9794921875000000 0.0000000361138259
0.9814453125000000 0.0000000314655471
0.9833984375000000 0.0000000273068842
0.9853515625000000 0.0000000238815420
0.9873046875000000 0.0000000204077475
0.9892578125000000 0.0000000185043625
0.9912109375000000 0.0000000144704476
0.9931640625000000 0.0000000167880922
0.9951171875000000 0.0000000000002258
0.9970703125000000 0.0000000000001860
0.9990234375000000 0.0000000000001531
