0.0078125000000000 0.0000000000003015
0.0234375000000000 0.0000000000013698
0.0390625000000000 -0.0000000000002328
0.0546875000000000 -0.0000000000011929
0.0703125000000000 0.0000000000019141
0.0859375000000000 0.0000000000042487
0.1015625000000000 -0.0000000000033672
0.1171875000000000 -0.0000000000003750
0.1328125000000000 -0.0000000000508232
0.1484375000000000 0.0000000001780060
0.1640625000000000 -0.0000000005772018
0.1796875000000000 0.0000000018989264
0.1953125000000000 -0.0000000055608742
0.2109375000000000 0.0000000159941551
0.2265625000000000 -0.0000000396522918
0.2421875000000000 0.0000001007070819
0.2578125000000000 -0.0000002032234124
0.2734375000000000 0.0000004528927946
0.2890625000000000 -0.0000006097329367
0.3046875000000000 0.0000011283932283
0.3203125000000000 0.0000004725715120
0.3359375000000000 0.0000018611257668
0.3515625000000000 0.0000082139525853
0.3671875000000000 0.0000078298350266
0.3828125000000000 0.0000350089422264
0.3984375000000000 0.0000572356702066
0.4140625000000000 0.0001027974763143
0.4296875000000000 0.0002349447654483
0.4453125000000000 0.0003799668345408
0.4609375000000000 0.0006442317250459
0.4765625000000000 0.0011184107125688
0.4921875000000000 0.0016899098140187
0.5078125000000000 0.0024482145618096
0.5234375000000000 0.0035552693502614
0.5390625000000000 0.0048130621337108
0.5546875000000000 0.0060010244454270
0.5703125000000000 0.0072519696347120
0.5859375000000000 0.0086194698916220
0.6015625000000000 0.0096404764635765
0.6171875000000000 0.0098764487323140
0.6328125000000000 0.0098458797473913
0.6484375000000000 0.0094850154148665
0.6640625000000000 0.0086262629626281
0.6796875000000000 0.0074549486737770
0.6953125000000000 0.0061387625861147
0.7109375000000000 0.0048176511137823
0.7265625000000000 0.0036021795265613
0.7421875000000000 0.0025654216786361
0.7578125000000000 0.0017399876590484
0.7734375000000000 0.0011237158878425
0.7890625000000000 0.0006908599189969
0.8046875000000000 0.0004042096865405
0.8203125000000000 0.0002249719990487
0.8359375000000000 0.0001190457781109
0.8515625000000000 0.0000598573289666
0.8671875000000000 0.0000285645749709
0.8828125000000000 0.0000129416959902
0.8984375000000000 0.0000055302869411
0.9140625000000000 0.0000022761082378
0.9296875000000000 0.0000008222067465
0.9453125000000000 0.0000003689925826
0.9609375000000000 0.0000000000059270
0.9765625000000000 0.0000000000013698
0.9921875000000000 0.0000000000003015
