0.0019531250000000 0.0000000000001688
0.0058593750000000 0.0000000000002487
0.0097656250000000 0.0000000000000197
0.0136718750000000 0.0000000000000016
0.0175781250000000 0.0000000000000001
0.0214843750000000 0.0000000000000000
0.0253906250000000 -0.0000000000000000
0.0292968750000000 -0.0000000000000000
0.0332031250000000 0.0000000000000001
0.0371093750000000 0.0000000000000002
0.0410156250000000 -0.0000000000000000
0.0449218750000000 -0.0000000000000005
0.0488281250000000 -0.0000000000000002
0.0527343750000000 0.0000000000000011
0.0566406250000000 0.0000000000000009
0.0605468750000000 -0.0000000000000016
0.0644531250000000 -0.0000000000000024
0.0683593750000000 0.0000000000000009
0.0722656250000000 0.0000000000000034
0.0761718750000000 0.0000000000000020
0.0800781250000000 0.0000000000000009
0.0839843750000000 -0.0000000000000023
0.0878906250000000 -0.0000000000000135
0.0917968750000000 -0.0000000000000156
0.0957031250000000 0.0000000000000169
0.0996093750000000 0.0000000000000551
0.1035156250000000 0.0000000000000263
0.1074218750000000 -0.0000000000000584
0.1113281250000000 -0.0000000000000780
0.1152343750000000 0.0000000000000091
0.1191406250000000 0.0000000000000469
0.1230468750000000 -0.0000000000001048
0.1269531250000000 -0.0000000000002487
0.1308593750000000 -0.0000000000000244
0.1347656250000000 0.0000000000005665
0.1386718750000000 0.0000000000009679
0.1425781250000000 0.0000000000006365
0.1464843750000000 -0.0000000000000704
0.1503906250000000 -0.0000000000000240
0.1542968750000000 0.0000000000017581
0.1582031250000000 0.0000000000048131
0.1621093750000000 0.0000000000072828
0.1660156250000000 0.0000000000075294
0.1699218750000000 0.0000000000055000
0.1738281250000000 0.0000000000041760
0.1777343750000000 0.0000000000074424
0.1816406250000000 0.0000000000189934
0.1855468750000000 0.0000000000401162
0.1894531250000000 0.0000000000687367
0.1933593750000000 0.0000000001022059
0.1972656250000000 0.0000000001371585
0.2011718750000000 0.0000000001669757
0.2050781250000000 0.0000000001944550
0.2089843750000000 0.0000000002692258
0.2128906250000000 0.0000000003941691
0.2167968750000000 0.0000000005555145
0.2207031250000000 0.0000000007664452
0.2246093750000000 0.0000000010493319
0.2285156250000000 0.0000000014321626
0.2324218750000000 0.0000000019495348
0.2363281250000000 0.0000000026461545
0.2402343750000000 0.0000000035808228
0.2441406250000000 0.0000000048308383
0.2480468750000000 0.0000000064973461
0.2519531250000000 0.0000000087121406
0.2558593750000000 0.0000000116463387
0.2597656250000000 0.0000000155213520
0.2636718750000000 0.0000000206226843
0.2675781250000000 0.0000000273172078
0.2714843750000000 0.0000000360747103
0.2753906250000000 0.0000000474946613
0.2792968750000000 0.0000000623393257
0.2832031250000000 0.0000000815745587
0.2871093750000000 0.0000001064198550
0.2910156250000000 0.0000001384094856
0.2949218750000000 0.0000001794668670
0.2988281250000000 0.0000002319946175
0.3027343750000000 0.0000002989831490
0.3066406250000000 0.0000003841409978
0.3105468750000000 0.0000004920505549
0.3144531250000000 0.0000006283532808
0.3183593750000000 0.0000007999689129
0.3222656250000000 0.0000010153537605
0.3261718750000000 0.0000012848033689
0.3300781250000000 0.0000016208056800
0.3339843750000000 0.0000020384506818
0.3378906250000000 0.0000025559032683
0.3417968750000000 0.0000031949462792
0.3457031250000000 0.0000039815998245
0.3496093750000000 0.0000049468251155
0.3535156250000000 0.0000061273174704
0.3574218750000000 0.0000075663957635
0.3613281250000000 0.0000093149941223
0.3652343750000000 0.0000114327556952
0.3691406250000000 0.0000139892385676
0.3730468750000000 0.0000170652258231
0.3769531250000000 0.0000207541404093
0.3808593750000000 0.0000251635704925
0.3847656250000000 0.0000304168697999
0.3886718750000000 0.0000366548536711
0.3925781250000000 0.0000440375603122
0.3964843750000000 0.0000527460176885
0.4003906250000000 0.0000629840838833
0.4042968750000000 0.0000749802222661
0.4082031250000000 0.0000889891821747
0.4121093750000000 0.0001052937155033
0.4160156250000000 0.0001242059541579
0.4199218750000000 0.0001460686064077
0.4238281250000000 0.0001712561414364
0.4277343750000000 0.0002001751251392
0.4316406250000000 0.0002332644063735
0.4355468750000000 0.0002709952811497
0.4394531250000000 0.0003138698730725
0.4433593750000000 0.0003624197106056
0.4472656250000000 0.0004172045165704
0.4511718750000000 0.0004788074083337
0.4550781250000000 0.0005478311902529
0.4589843750000000 0.0006248960981867
0.4628906250000000 0.0007106302961060
0.4667968750000000 0.0008056626758916
0.4707031250000000 0.0009106216851720
0.4746093750000000 0.0010261199559717
0.4785156250000000 0.0011527399406979
0.4824218750000000 0.0012910389452098
0.4863281250000000 0.0014415307460663
0.4902343750000000 0.0016046536639311
0.4941406250000000 0.0017807865934485
0.4980468750000000 0.0019702459820009
0.5019531250000000 0.0021732186570386
0.5058593750000000 0.0023897715838389
0.5097656250000000 0.0026199125708939
0.5136718750000000 0.0028634970701320
0.5175781250000000 0.0031201465839914
0.5214843750000000 0.0033894065860409
0.5253906250000000 0.0036707714225004
0.5292968750000000 0.0039633999971467
0.5332031250000000 0.0042661674310829
0.5371093750000000 0.0045780764322390
0.5410156250000000 0.0048980568287523
0.5449218750000000 0.0052243890135545
0.5488281250000000 0.0055551103238930
0.5527343750000000 0.0058888524497760
0.5566406250000000 0.0062242133670398
0.5605468750000000 0.0065585381467034
0.5644531250000000 0.0068888275357713
0.5683593750000000 0.0072136596489343
0.5722656250000000 0.0075322199266259
0.5761718750000000 0.0078414116979880
0.5800781250000000 0.0081364517668792
0.5839843750000000 0.0084151413190448
0.5878906250000000 0.0086789016405698
0.5917968750000000 0.0089275512116586
0.5957031250000000 0.0091549575654834
0.5996093750000000 0.0093533136407610
0.6035156250000000 0.0095219568353463
0.6074218750000000 0.0096686809363835
0.6113281250000000 0.0097998109745384
0.6152343750000000 0.0099087401842961
0.6191406250000000 0.0099739804885206
0.6230468750000000 0.0099876795111031
0.6269531250000000 0.0099865762008291
0.6308593750000000 0.0099694035161861
0.6347656250000000 0.0099161911207990
0.6386718750000000 0.0098294572484677
0.6425781250000000 0.0097130843106759
0.6464843750000000 0.0095692127317648
0.6503906250000000 0.0093991318808776
0.6542968750000000 0.0092040988531365
0.6582031250000000 0.0089856601741105
0.6621093750000000 0.0087456518591703
0.6660156250000000 0.0084861036776847
0.6699218750000000 0.0082091656861808
0.6738281250000000 0.0079170693017422
0.6777343750000000 0.0076121018814649
0.6816406250000000 0.0072965811045128
0.6855468750000000 0.0069728270847737
0.6894531250000000 0.0066431343566398
0.6933593750000000 0.0063097454249580
0.6972656250000000 0.0059748265005907
0.7011718750000000 0.0056404456302413
0.7050781250000000 0.0053085534061005
0.7089843750000000 0.0049809664503268
0.7128906250000000 0.0046593538216386
0.7167968750000000 0.0043452264178683
0.7207031250000000 0.0040399293773790
0.7246093750000000 0.0037446374194842
0.7285156250000000 0.0034603530079454
0.7324218750000000 0.0031879071718486
0.7363281250000000 0.0029279627755228
0.7402343750000000 0.0026810199944795
0.7441406250000000 0.0024474237279923
0.7480468750000000 0.0022273726609512
0.7519531250000000 0.0020209296777976
0.7558593750000000 0.0018280333292611
0.7597656250000000 0.0016485100576657
0.7636718750000000 0.0014820868979968
0.7675781250000000 0.0013284043888341
0.7714843750000000 0.0011870294487121
0.7753906250000000 0.0010574679984657
0.7792968750000000 0.0009391771376582
0.7832031250000000 0.0008315767122972
0.7871093750000000 0.0007340601408021
0.7910156250000000 0.0006460043947601
0.7949218750000000 0.0005667790596492
0.7988281250000000 0.0004957544277856
0.8027343750000000 0.0004323086007567
0.8066406250000000 0.0003758336011262
0.8105468750000000 0.0003257405129744
0.8144531250000000 0.0002814636876948
0.8183593750000000 0.0002424640653405
0.8222656250000000 0.0002082316727462
0.8261718750000000 0.0001782873677330
0.8300781250000000 0.0001521839041273
0.8339843750000000 0.0001295063953077
0.8378906250000000 0.0001098722548075
0.8417968750000000 0.0000929306914237
0.8457031250000000 0.0000783618336271
0.8496093750000000 0.0000658755541266
0.8535156250000000 0.0000552100605042
0.8574218750000000 0.0000461303121906
0.8613281250000000 0.0000384263179351
0.8652343750000000 0.0000319113615719
0.8691406250000000 0.0000264201975062
0.8730468750000000 0.0000218072510595
0.8769531250000000 0.0000179448528470
0.8808593750000000 0.0000147215306790
0.8847656250000000 0.0000120403773825
0.8886718750000000 0.0000098175080709
0.8925781250000000 0.0000079806165786
0.8964843750000000 0.0000064676365320
0.9003906250000000 0.0000052255104936
0.9042968750000000 0.0000042090661993
0.9082031250000000 0.0000033800000687
0.9121093750000000 0.0000027059606123
0.9160156250000000 0.0000021597336281
0.9199218750000000 0.0000017185114367
0.9238281250000000 0.0000013632612007
0.9277343750000000 0.0000010781471191
0.9316406250000000 0.0000008500683545
0.9355468750000000 0.0000006681842675
0.9394531250000000 0.0000005236345406
0.9433593750000000 0.0000004090699975
0.9472656250000000 0.0000003186565403
0.9511718750000000 0.0000002473628446
0.9550781250000000 0.0000001916221690
0.9589843750000000 0.0000001476585200
0.9628906250000000 0.0000001140148452
0.9667968750000000 0.0000000867484602
0.9707031250000000 0.0000000675866641
0.9746093750000000 0.0000000493550038
0.9785156250000000 0.0000000414748574
0.9824218750000000 0.0000000258547939
0.9863281250000000 0.0000000287963532
0.9902343750000000 0.0000000000003653
0.9941406250000000 0.0000000000002487
0.9980468750000000 0.0000000000001688
