0.0156250000000000 0.0000000000006466
0.0468750000000000 0.0000000000121051
0.0781250000000000 -0.0000000000593256
0.1093750000000000 0.0000000007391993
0.1406250000000000 -0.0000000065175313
0.1718750000000000 0.0000000456340178
0.2031250000000000 -0.0000002525996698
0.2343750000000000 0.0000010714703441
0.2656250000000000 -0.0000032690063426
0.2968750000000000 0.0000063480178599
0.3281250000000000 -0.0000064188899873
0.3593750000000000 0.0000097913476480
0.3906250000000000 0.0000741960706762
0.4218750000000000 0.0000913665546610
0.4531250000000000 0.0005530919429593
0.4843750000000000 0.0014319524395561
0.5156250000000000 0.0026839709672087
0.5468750000000000 0.0053720317037977
0.5781250000000000 0.0085677648426158
0.6093750000000000 0.0096826692253388
0.6406250000000000 0.0095122520235396
0.6718750000000000 0.0079917805128947
0.7031250000000000 0.0054571098241453
0.7343750000000000 0.0030828589908195
0.7656250000000000 0.0014532291295246
0.7968750000000000 0.0005613314157957
0.8281250000000000 0.0001574897469620
0.8593750000000000 0.0000298435432022
0.8906250000000000 0.0000074970958862
0.9218750000000000 0.0000000001864195
0.9531250000000000 0.0000000000121051
0.9843750000000000 0.0000000000006466
