0.0039062500000000 0.0000000000002049
0.0117187500000000 0.0000000000004422
0.0195312500000000 0.0000000000007263
0.0273437500000000 0.0000000000017400
0.0351562500000000 0.0000000000036371
0.0429687500000000 0.0000000000074925
0.0507812500000000 0.0000000000152468
0.0585937500000000 0.0000000000306494
0.0664062500000000 0.0000000000608633
0.0742187500000000 0.0000000001193936
0.0820312500000000 0.0000000002313649
0.0898437500000000 0.0000000004428995
0.0976562500000000 0.0000000008375377
0.1054687500000000 0.0000000015645705
0.1132812500000000 0.0000000028872051
0.1210937500000000 0.0000000052632262
0.1289062500000000 0.0000000094780384
0.1367187500000000 0.0000000168607575
0.1445312500000000 0.0000000296297537
0.1523437500000000 0.0000000514365089
0.1601562500000000 0.0000000882079154
0.1679687500000000 0.0000001494295230
0.1757812500000000 0.0000002500680360
0.1835937500000000 0.0000004134024266
0.1914062500000000 0.0000006751201463
0.1992187500000000 0.0000010891368811
0.2070312500000000 0.0000017357107483
0.2148437500000000 0.0000027325358782
0.2226562500000000 0.0000042496010902
0.2304687500000000 0.0000065286647401
0.2382812500000000 0.0000099081966795
0.2460937500000000 0.0000148545348485
0.2539062500000000 0.0000219997536974
0.2617187500000000 0.0000321862989028
0.2695312500000000 0.0000465177667883
0.2773437500000000 0.0000664142701760
0.2851562500000000 0.0000936696326511
0.2929687500000000 0.0001305062252619
0.3007812500000000 0.0001796216874276
0.3085937500000000 0.0002442201989038
0.3164062500000000 0.0003280195939004
0.3242187500000000 0.0004352246871491
0.3320312500000000 0.0005704570050086
0.3398437500000000 0.0007386319758943
0.3476562500000000 0.0009447767859390
0.3554687500000000 0.0011937857068057
0.3632812500000000 0.0014901147633653
0.3710937500000000 0.0018374239429894
0.3789062500000000 0.0022381823412194
0.3867187500000000 0.0026932590457634
0.3945312500000000 0.0032015293406520
0.4023437500000000 0.0037595310008559
0.4101562500000000 0.0043612080700084
0.4179687500000000 0.0049977787239247
0.4257812500000000 0.0056577590518171
0.4335937500000000 0.0063271656797802
0.4414062500000000 0.0069899074706242
0.4492187500000000 0.0076283609567938
0.4570312500000000 0.0082241070938850
0.4648437500000000 0.0087587901279092
0.4726562500000000 0.0092150447885093
0.4804687500000000 0.0095774275140148
0.4882812500000000 0.0098332825030868
0.4960937500000000 0.0099734750154121
0.5039062500000000 0.0099929327084443
0.5117187500000000 0.0098909502810416
0.5195312500000000 0.0096712319111562
0.5273437500000000 0.0093416679271117
0.5351562500000000 0.0089138644869177
0.5429687500000000 0.0084024653539154
0.5507812500000000 0.0078243210110828
0.5585937500000000 0.0071975707506794
0.5664062500000000 0.0065407071414382
0.5742187500000000 0.0058716893565722
0.5820312500000000 0.0052071629658237
0.5898437500000000 0.0045618303153895
0.5976562500000000 0.0039479993218568
0.6054687500000000 0.0033753213314745
0.6132812500000000 0.0028507124879026
0.6210937500000000 0.0023784393379962
0.6289062500000000 0.0019603392470755
0.6367187500000000 0.0015961401160324
0.6445312500000000 0.0012838418893331
0.6523437500000000 0.0010201239643428
0.6601562500000000 0.0008007470849014
0.6679687500000000 0.0006209246769501
0.6757812500000000 0.0004756458815854
0.6835937500000000 0.0003599398723845
0.6914062500000000 0.0002690776977907
0.6992187500000000 0.0001987133780157
0.7070312500000000 0.0001449700532353
0.7148437500000000 0.0001044795784197
0.7226562500000000 0.0000743852073185
0.7304687500000000 0.0000523171321898
0.7382812500000000 0.0000363499318177
0.7460937500000000 0.0000249497227533
0.7539062500000000 0.0000169172759817
0.7617187500000000 0.0000113317730027
0.7695312500000000 0.0000074983922500
0.7773437500000000 0.0000049016402911
0.7851562500000000 0.0000031653216556
0.7929687500000000 0.0000020192845754
0.8007812500000000 0.0000012725668674
0.8085937500000000 0.0000007922591056
0.8164062500000000 0.0000004872563976
0.8242187500000000 0.0000002960408782
0.8320312500000000 0.0000001776845971
0.8398437500000000 0.0000001053542320
0.8476562500000000 0.0000000617104108
0.8554687500000000 0.0000000357083087
0.8632812500000000 0.0000000204119577
0.8710937500000000 0.0000000115266928
0.8789062500000000 0.0000000064302758
0.8867187500000000 0.0000000035437205
0.8945312500000000 0.0000000019292764
0.9023437500000000 0.0000000010376113
0.9101562500000000 0.0000000005512903
0.9179687500000000 0.0000000002893554
0.9257812500000000 0.0000000001500336
0.9335937500000000 0.0000000000768513
0.9414062500000000 0.0000000000388884
0.9492187500000000 0.0000000000194400
0.9570312500000000 0.0000000000096001
0.9648437500000000 0.0000000000046833
0.9726562500000000 0.0000000000022623
0.9804687500000000 0.0000000000009425
0.9882812500000000 0.0000000000004422
0.9960937500000000 0.0000000000002049
