0.0312500000000000 0.0000000000028668
0.0937500000000000 0.0000000006798993
0.1562500000000000 0.0000000404621967
0.2187500000000000 0.0000028748733830
0.2812500000000000 0.0000750264059834
0.3437500000000000 0.0008299045695000
0.4062500000000000 0.0040700948351906
0.4687500000000000 0.0090195718408389
0.5312500000000000 0.0091183103809798
0.5937500000000000 0.0042347341661444
0.6562500000000000 0.0009116051578143
0.7187500000000000 0.0000924302953405
0.7812500000000000 0.0000045515764397
0.8437500000000000 0.0000000738244074
0.9062500000000000 0.0000000006798993
0.9687500000000000 0.0000000000028668
